1,3,499.30,156.21,33.34,76.36,1,-1,-1,-1
1,2,252.78,207.73,35.81,96.64,1,-1,-1,-1
1,1,649.44,231.50,44.42,86.13,1,-1,-1,-1
2,3,498.07,154.94,31.49,76.81,1,-1,-1,-1
2,2,253.63,220.32,40.17,88.38,1,-1,-1,-1
2,1,633.88,246.10,42.73,78.55,1,-1,-1,-1
3,3,497.12,158.55,31.34,77.57,1,-1,-1,-1
3,2,257.69,215.21,43.19,89.28,1,-1,-1,-1
3,1,623.80,251.74,36.10,70.51,1,-1,-1,-1
4,3,491.68,157.75,33.32,79.35,1,-1,-1,-1
4,2,271.01,214.33,40.78,90.22,1,-1,-1,-1
4,1,612.69,243.80,38.38,73.58,1,-1,-1,-1
5,3,486.54,157.30,36.06,85.24,1,-1,-1,-1
5,2,282.41,203.93,39.68,93.69,1,-1,-1,-1
5,1,602.49,240.69,45.57,81.06,1,-1,-1,-1
6,3,484.01,158.20,35.15,81.06,1,-1,-1,-1
6,2,281.59,200.79,38.38,91.29,1,-1,-1,-1
6,1,596.37,237.88,47.30,86.56,1,-1,-1,-1
7,3,476.84,157.11,43.87,87.88,1,-1,-1,-1
7,2,288.21,205.65,39.08,91.68,1,-1,-1,-1
7,1,587.15,238.51,42.77,82.27,1,-1,-1,-1
8,3,474.89,161.57,40.41,83.04,1,-1,-1,-1
8,2,296.64,204.94,40.02,91.88,1,-1,-1,-1
8,1,576.68,239.16,41.74,81.37,1,-1,-1,-1
9,3,468.71,160.89,37.55,80.96,1,-1,-1,-1
9,2,294.37,202.18,40.96,90.99,1,-1,-1,-1
9,1,568.58,237.78,40.15,81.46,1,-1,-1,-1
10,3,467.57,162.71,37.83,79.12,1,-1,-1,-1
10,2,300.24,205.52,40.63,90.64,1,-1,-1,-1
10,1,560.37,234.77,47.98,86.17,1,-1,-1,-1
11,3,465.80,166.10,37.43,77.75,1,-1,-1,-1
11,2,304.38,200.90,47.13,97.96,1,-1,-1,-1
11,1,545.21,236.25,44.67,83.90,1,-1,-1,-1
12,3,459.36,168.47,36.56,77.52,1,-1,-1,-1
12,2,311.96,200.29,49.94,94.82,1,-1,-1,-1
12,1,533.57,238.14,42.55,81.74,1,-1,-1,-1
13,3,457.30,171.41,35.59,76.86,1,-1,-1,-1
13,2,322.13,198.27,47.90,91.46,1,-1,-1,-1
13,1,521.52,237.19,45.95,84.29,1,-1,-1,-1
14,3,451.70,174.37,34.50,78.15,1,-1,-1,-1
14,2,328.80,197.11,42.99,85.74,1,-1,-1,-1
14,1,511.47,234.83,46.09,83.72,1,-1,-1,-1
15,4,720.45,282.63,43.69,129.12,1,-1,-1,-1
15,3,444.55,172.20,34.08,77.97,1,-1,-1,-1
15,2,331.95,195.90,41.93,83.52,1,-1,-1,-1
15,1,503.34,234.66,42.19,82.21,1,-1,-1,-1
16,4,713.19,275.33,50.29,132.84,1,-1,-1,-1
16,3,436.65,169.40,34.72,79.24,1,-1,-1,-1
16,2,338.34,196.66,41.00,82.54,1,-1,-1,-1
16,1,491.49,231.60,38.38,79.14,1,-1,-1,-1
17,4,709.87,270.81,51.90,132.50,1,-1,-1,-1
17,3,431.06,169.81,37.04,78.87,1,-1,-1,-1
17,2,340.08,201.46,42.83,86.57,1,-1,-1,-1
17,1,484.86,236.42,41.15,82.96,1,-1,-1,-1
18,4,702.98,268.58,48.99,122.81,1,-1,-1,-1
18,3,425.98,170.37,36.72,73.71,1,-1,-1,-1
18,2,346.81,186.49,44.65,95.00,1,-1,-1,-1
18,1,468.86,232.74,40.19,80.40,1,-1,-1,-1
19,4,699.21,273.15,48.86,116.29,1,-1,-1,-1
19,2,349.89,188.16,43.80,91.82,1,-1,-1,-1
19,1,458.43,235.43,39.95,80.04,1,-1,-1,-1
20,4,691.35,269.97,45.68,111.10,1,-1,-1,-1
20,2,352.92,188.37,45.97,86.93,1,-1,-1,-1
20,1,450.97,232.88,40.12,81.50,1,-1,-1,-1
21,5,727.73,266.39,37.34,105.11,1,-1,-1,-1
21,4,683.80,261.78,45.89,111.34,1,-1,-1,-1
21,2,354.27,190.05,47.08,87.59,1,-1,-1,-1
21,1,439.77,231.44,39.13,80.47,1,-1,-1,-1
22,5,726.12,266.46,36.77,102.84,1,-1,-1,-1
22,4,676.21,264.65,44.44,110.12,1,-1,-1,-1
22,2,359.09,189.23,46.85,83.77,1,-1,-1,-1
22,1,428.98,231.08,41.51,85.05,1,-1,-1,-1
23,5,717.66,268.88,37.91,102.09,1,-1,-1,-1
23,4,671.02,265.82,43.96,108.37,1,-1,-1,-1
23,2,362.24,190.05,43.05,83.99,1,-1,-1,-1
23,1,421.95,227.95,38.88,83.86,1,-1,-1,-1
24,4,665.73,263.49,45.69,108.60,1,-1,-1,-1
24,2,362.42,187.85,39.98,82.95,1,-1,-1,-1
24,1,411.76,206.05,43.10,100.32,1,-1,-1,-1
25,4,657.40,258.18,44.70,108.65,1,-1,-1,-1
25,2,370.26,185.65,38.64,84.37,1,-1,-1,-1
25,1,404.43,192.48,45.47,114.87,1,-1,-1,-1
26,6,689.84,262.75,39.34,101.61,1,-1,-1,-1
26,4,651.30,254.79,44.25,108.75,1,-1,-1,-1
26,2,372.45,181.73,37.72,87.09,1,-1,-1,-1
26,1,401.97,182.59,42.76,118.48,1,-1,-1,-1
27,6,689.48,259.09,37.92,100.44,1,-1,-1,-1
27,4,648.88,256.11,42.61,105.50,1,-1,-1,-1
27,2,374.52,183.02,36.57,89.41,1,-1,-1,-1
27,1,399.89,175.59,41.08,121.53,1,-1,-1,-1
28,4,643.26,255.74,40.98,101.45,1,-1,-1,-1
28,2,371.05,180.45,36.33,90.70,1,-1,-1,-1
28,1,394.89,172.90,42.63,129.35,1,-1,-1,-1
29,4,635.25,252.82,44.45,104.58,1,-1,-1,-1
29,2,375.40,174.53,36.14,93.11,1,-1,-1,-1
29,1,396.61,175.00,44.98,129.07,1,-1,-1,-1
30,4,626.90,250.12,43.13,103.00,1,-1,-1,-1
30,2,376.39,173.35,36.02,95.09,1,-1,-1,-1
31,6,664.72,249.67,37.44,96.77,1,-1,-1,-1
31,4,622.94,250.47,42.15,101.53,1,-1,-1,-1
31,2,375.88,175.00,35.62,96.42,1,-1,-1,-1
32,6,662.12,252.91,35.62,92.57,1,-1,-1,-1
32,4,618.57,249.50,39.70,98.95,1,-1,-1,-1
32,2,376.22,175.21,34.62,97.49,1,-1,-1,-1
33,6,652.36,253.04,39.28,90.41,1,-1,-1,-1
33,4,612.98,249.32,41.13,103.53,1,-1,-1,-1
33,2,377.74,173.66,34.15,101.18,1,-1,-1,-1
33,1,392.94,178.41,44.44,118.02,1,-1,-1,-1
34,6,640.90,251.51,35.71,86.10,1,-1,-1,-1
34,4,610.41,244.80,40.63,98.64,1,-1,-1,-1
34,2,377.47,170.86,34.73,97.13,1,-1,-1,-1
35,6,635.70,247.25,37.21,85.33,1,-1,-1,-1
35,4,606.23,240.78,42.41,99.64,1,-1,-1,-1
35,2,376.34,176.18,34.42,93.10,1,-1,-1,-1
36,6,628.06,250.55,37.17,86.74,1,-1,-1,-1
36,4,598.95,236.35,40.95,97.82,1,-1,-1,-1
36,2,380.42,170.36,36.51,100.24,1,-1,-1,-1
37,6,625.81,244.99,37.36,89.52,1,-1,-1,-1
37,4,594.29,237.78,40.94,95.39,1,-1,-1,-1
37,2,378.91,175.14,35.56,97.59,1,-1,-1,-1
38,6,619.94,241.93,36.60,88.52,1,-1,-1,-1
38,4,585.69,236.30,40.73,96.80,1,-1,-1,-1
38,2,376.45,176.88,34.09,91.22,1,-1,-1,-1
39,6,614.97,236.06,39.14,87.94,1,-1,-1,-1
39,4,581.06,235.28,40.63,96.17,1,-1,-1,-1
39,2,374.97,180.45,33.80,88.82,1,-1,-1,-1
40,10,409.30,182.56,44.14,92.28,1,-1,-1,-1
40,6,612.52,238.50,37.26,87.64,1,-1,-1,-1
40,4,572.48,234.14,39.50,94.52,1,-1,-1,-1
40,2,368.79,178.51,35.08,84.73,1,-1,-1,-1
41,10,424.81,183.17,40.57,85.37,1,-1,-1,-1
41,4,566.46,233.90,39.28,93.27,1,-1,-1,-1
41,2,373.50,177.40,34.47,85.00,1,-1,-1,-1
42,4,562.98,232.23,40.97,94.50,1,-1,-1,-1
42,2,373.78,178.21,33.49,82.74,1,-1,-1,-1
43,12,591.27,226.46,36.39,92.94,1,-1,-1,-1
43,4,555.85,230.36,39.13,95.58,1,-1,-1,-1
43,2,374.69,179.38,33.75,80.99,1,-1,-1,-1
44,13,713.60,255.01,44.11,153.15,1,-1,-1,-1
44,12,584.62,226.24,35.93,94.05,1,-1,-1,-1
44,4,553.05,229.14,37.54,89.91,1,-1,-1,-1
44,2,375.73,179.53,33.23,80.82,1,-1,-1,-1
45,13,710.96,256.11,45.41,138.84,1,-1,-1,-1
45,12,578.73,228.25,35.91,93.41,1,-1,-1,-1
45,10,436.93,183.80,40.37,78.00,1,-1,-1,-1
45,4,545.40,224.98,35.67,90.70,1,-1,-1,-1
45,2,375.68,181.22,32.90,81.00,1,-1,-1,-1
46,13,706.91,255.58,48.75,140.45,1,-1,-1,-1
46,12,569.53,217.45,41.90,103.88,1,-1,-1,-1
46,10,439.35,183.17,39.35,77.62,1,-1,-1,-1
46,4,536.86,225.99,35.61,91.43,1,-1,-1,-1
46,2,374.85,178.42,33.07,82.19,1,-1,-1,-1
47,14,401.21,175.37,39.03,88.90,1,-1,-1,-1
47,13,696.45,253.98,50.49,141.48,1,-1,-1,-1
47,12,567.84,218.71,45.58,102.22,1,-1,-1,-1
47,10,442.83,181.99,36.43,74.00,1,-1,-1,-1
47,4,531.57,222.45,34.98,89.58,1,-1,-1,-1
47,2,370.44,177.06,35.08,82.17,1,-1,-1,-1
48,13,688.91,250.43,46.30,134.03,1,-1,-1,-1
48,12,564.09,218.55,41.34,98.45,1,-1,-1,-1
48,10,441.05,181.51,33.89,73.07,1,-1,-1,-1
48,4,523.01,219.60,33.82,86.95,1,-1,-1,-1
48,2,371.96,177.32,34.87,81.71,1,-1,-1,-1
49,13,683.98,249.42,45.47,130.56,1,-1,-1,-1
49,12,561.13,216.58,40.66,94.78,1,-1,-1,-1
49,10,436.46,180.45,34.19,70.67,1,-1,-1,-1
49,4,516.77,219.98,33.22,85.45,1,-1,-1,-1
49,2,371.32,177.97,34.86,81.69,1,-1,-1,-1
50,13,679.96,250.35,42.98,129.01,1,-1,-1,-1
50,12,557.28,215.85,41.29,91.97,1,-1,-1,-1
50,10,434.31,178.65,34.95,70.51,1,-1,-1,-1
50,4,512.43,214.85,35.19,88.64,1,-1,-1,-1
50,2,370.19,178.12,35.04,81.43,1,-1,-1,-1
51,13,668.11,247.38,47.95,133.19,1,-1,-1,-1
51,12,549.42,213.17,36.91,85.95,1,-1,-1,-1
51,4,509.79,215.48,35.19,86.67,1,-1,-1,-1
51,2,368.34,177.33,35.69,81.64,1,-1,-1,-1
52,13,662.78,245.98,46.78,129.87,1,-1,-1,-1
52,12,546.69,215.16,34.93,84.37,1,-1,-1,-1
52,4,504.06,212.52,37.29,92.73,1,-1,-1,-1
52,2,367.90,176.26,36.08,82.00,1,-1,-1,-1
53,13,657.79,245.94,46.41,125.20,1,-1,-1,-1
53,12,538.20,215.52,36.02,85.18,1,-1,-1,-1
53,4,496.44,213.07,38.50,94.70,1,-1,-1,-1
53,2,367.78,174.96,36.23,81.69,1,-1,-1,-1
54,13,651.72,241.11,46.90,125.52,1,-1,-1,-1
54,12,540.16,215.40,32.90,83.94,1,-1,-1,-1
54,4,490.26,208.53,36.54,93.05,1,-1,-1,-1
54,2,367.86,174.67,36.27,81.04,1,-1,-1,-1
55,13,643.79,239.00,47.48,122.35,1,-1,-1,-1
55,12,531.19,212.32,34.98,82.38,1,-1,-1,-1
55,4,487.88,212.55,38.79,91.45,1,-1,-1,-1
55,2,368.15,175.85,36.20,80.46,1,-1,-1,-1
56,13,639.44,239.02,46.95,122.20,1,-1,-1,-1
56,12,524.67,210.17,36.93,89.24,1,-1,-1,-1
56,4,482.17,209.33,40.89,92.97,1,-1,-1,-1
56,2,369.58,176.03,35.83,79.66,1,-1,-1,-1
57,13,631.30,234.98,46.51,121.59,1,-1,-1,-1
57,12,520.21,208.15,35.33,85.73,1,-1,-1,-1
57,4,474.66,206.98,38.58,91.30,1,-1,-1,-1
57,2,368.28,177.38,35.74,78.37,1,-1,-1,-1
58,13,623.44,232.71,45.07,123.06,1,-1,-1,-1
58,12,516.29,210.48,33.42,80.85,1,-1,-1,-1
58,4,470.21,205.33,36.77,87.74,1,-1,-1,-1
58,2,371.75,177.82,35.35,81.13,1,-1,-1,-1
59,13,620.11,235.97,43.78,116.60,1,-1,-1,-1
59,12,515.45,207.78,37.36,84.32,1,-1,-1,-1
59,4,467.54,206.87,35.96,85.29,1,-1,-1,-1
59,2,374.16,176.45,34.69,82.43,1,-1,-1,-1
60,13,614.89,232.12,42.65,114.65,1,-1,-1,-1
60,12,508.96,203.70,38.03,87.63,1,-1,-1,-1
60,4,467.19,204.22,35.65,83.97,1,-1,-1,-1
60,2,372.27,177.90,35.49,83.04,1,-1,-1,-1
61,13,609.35,225.58,41.73,113.97,1,-1,-1,-1
61,12,502.62,203.77,36.71,83.14,1,-1,-1,-1
61,4,459.61,202.38,39.61,88.58,1,-1,-1,-1
61,2,369.87,178.28,35.87,82.36,1,-1,-1,-1
62,13,607.79,227.30,42.09,110.08,1,-1,-1,-1
62,12,497.92,202.16,39.64,81.58,1,-1,-1,-1
62,4,460.92,202.14,38.16,87.83,1,-1,-1,-1
62,2,368.17,172.55,37.01,81.84,1,-1,-1,-1
63,13,606.81,224.47,43.01,110.54,1,-1,-1,-1
63,12,493.58,202.41,38.06,83.99,1,-1,-1,-1
63,4,460.73,202.01,37.19,86.19,1,-1,-1,-1
63,2,366.33,176.26,37.64,81.65,1,-1,-1,-1
64,13,603.31,219.80,44.38,111.85,1,-1,-1,-1
64,12,493.72,201.08,39.15,81.80,1,-1,-1,-1
64,4,459.57,202.37,37.56,84.50,1,-1,-1,-1
64,2,370.44,178.65,37.84,79.08,1,-1,-1,-1
65,16,324.92,167.43,36.72,74.21,1,-1,-1,-1
65,13,597.16,219.38,42.97,113.42,1,-1,-1,-1
65,12,487.39,201.70,36.94,78.24,1,-1,-1,-1
65,4,453.93,203.93,37.04,82.97,1,-1,-1,-1
65,2,367.01,176.82,37.27,78.23,1,-1,-1,-1
66,16,323.42,170.98,33.58,69.94,1,-1,-1,-1
66,13,593.97,216.23,41.94,115.58,1,-1,-1,-1
66,12,484.78,201.24,35.13,77.86,1,-1,-1,-1
66,4,449.55,200.24,37.08,85.42,1,-1,-1,-1
66,2,369.76,178.47,35.53,78.01,1,-1,-1,-1
67,16,317.09,168.19,35.13,69.15,1,-1,-1,-1
67,13,593.68,210.09,41.80,114.83,1,-1,-1,-1
67,12,486.73,197.86,33.30,76.72,1,-1,-1,-1
67,4,445.83,196.61,35.75,87.44,1,-1,-1,-1
67,2,369.08,178.83,35.01,77.84,1,-1,-1,-1
68,16,308.56,164.09,39.04,69.11,1,-1,-1,-1
68,13,588.99,208.33,39.72,110.73,1,-1,-1,-1
68,12,484.67,196.33,31.62,75.82,1,-1,-1,-1
68,4,445.45,193.57,33.90,86.41,1,-1,-1,-1
68,2,369.38,178.98,35.47,78.23,1,-1,-1,-1
69,16,295.01,164.77,38.96,68.12,1,-1,-1,-1
69,13,587.35,207.89,39.85,111.27,1,-1,-1,-1
69,12,482.71,201.32,29.32,76.17,1,-1,-1,-1
69,4,443.33,191.88,34.14,86.31,1,-1,-1,-1
69,2,369.67,180.78,35.16,77.24,1,-1,-1,-1
70,16,289.67,167.32,36.48,67.36,1,-1,-1,-1
70,13,586.06,211.12,37.73,105.78,1,-1,-1,-1
70,12,477.92,199.10,28.80,78.95,1,-1,-1,-1
70,4,427.69,185.28,40.33,84.05,1,-1,-1,-1
70,2,373.19,177.71,33.78,77.73,1,-1,-1,-1
71,16,285.95,163.41,36.80,68.58,1,-1,-1,-1
71,13,583.09,207.10,36.77,103.58,1,-1,-1,-1
71,12,477.39,195.59,29.06,81.56,1,-1,-1,-1
71,4,419.08,182.35,45.71,84.17,1,-1,-1,-1
71,2,372.13,179.77,34.08,78.91,1,-1,-1,-1
72,16,281.32,165.17,40.35,68.95,1,-1,-1,-1
72,13,581.17,203.85,36.55,104.05,1,-1,-1,-1
72,12,476.43,189.05,27.83,79.85,1,-1,-1,-1
72,2,369.24,177.47,35.09,77.78,1,-1,-1,-1
73,17,437.33,182.21,34.83,95.04,1,-1,-1,-1
73,16,272.45,170.03,41.10,68.72,1,-1,-1,-1
73,13,578.24,202.13,37.80,102.40,1,-1,-1,-1
73,12,475.86,185.11,29.48,76.43,1,-1,-1,-1
73,2,369.42,178.57,35.11,78.52,1,-1,-1,-1
74,17,434.41,176.39,36.30,98.09,1,-1,-1,-1
74,16,266.07,166.98,40.77,70.44,1,-1,-1,-1
74,13,576.91,199.75,37.28,102.88,1,-1,-1,-1
74,12,477.61,186.55,29.83,78.45,1,-1,-1,-1
74,2,370.87,177.03,34.83,78.60,1,-1,-1,-1
75,17,435.86,179.71,33.83,86.67,1,-1,-1,-1
75,16,262.34,170.74,44.70,72.15,1,-1,-1,-1
75,13,574.32,196.32,37.63,105.26,1,-1,-1,-1
75,12,475.85,186.36,28.83,79.22,1,-1,-1,-1
75,2,368.29,178.12,35.72,78.84,1,-1,-1,-1
76,17,431.05,177.61,34.81,87.74,1,-1,-1,-1
76,16,256.83,172.37,40.58,69.92,1,-1,-1,-1
76,13,573.31,196.94,37.93,101.58,1,-1,-1,-1
76,12,479.11,187.44,29.28,78.53,1,-1,-1,-1
76,2,368.34,179.68,35.99,79.88,1,-1,-1,-1
77,17,428.60,176.53,35.93,87.92,1,-1,-1,-1
77,16,251.79,172.55,38.71,67.87,1,-1,-1,-1
77,13,572.15,188.77,39.02,102.10,1,-1,-1,-1
77,12,480.67,187.08,29.55,77.33,1,-1,-1,-1
77,2,367.01,179.36,36.52,80.37,1,-1,-1,-1
78,17,430.23,177.11,36.36,88.93,1,-1,-1,-1
78,16,250.85,172.13,39.18,67.13,1,-1,-1,-1
78,13,566.41,193.49,41.20,100.12,1,-1,-1,-1
78,12,480.62,187.36,29.66,75.32,1,-1,-1,-1
78,2,366.37,180.23,36.72,80.29,1,-1,-1,-1
79,17,430.44,177.85,36.00,87.68,1,-1,-1,-1
79,16,249.19,174.91,40.24,70.24,1,-1,-1,-1
79,13,563.77,188.39,38.21,94.51,1,-1,-1,-1
79,12,479.60,180.42,28.60,72.47,1,-1,-1,-1
79,2,367.42,180.16,36.63,80.90,1,-1,-1,-1
80,17,434.65,174.65,33.80,82.79,1,-1,-1,-1
80,16,249.55,170.70,38.46,70.61,1,-1,-1,-1
80,13,568.66,183.55,35.43,91.27,1,-1,-1,-1
80,12,479.94,176.01,28.69,70.00,1,-1,-1,-1
80,2,366.44,180.64,37.38,79.15,1,-1,-1,-1
81,19,452.60,173.51,27.52,73.49,1,-1,-1,-1
81,17,431.26,169.72,34.53,83.69,1,-1,-1,-1
81,16,251.37,169.58,37.62,70.06,1,-1,-1,-1
81,13,567.49,183.26,36.85,93.88,1,-1,-1,-1
81,12,479.41,172.08,28.11,69.34,1,-1,-1,-1
81,2,366.65,177.56,38.61,79.15,1,-1,-1,-1
82,19,445.33,171.63,30.30,78.04,1,-1,-1,-1
82,16,251.78,173.54,36.87,69.01,1,-1,-1,-1
82,13,565.15,182.91,35.14,91.24,1,-1,-1,-1
82,12,474.39,172.87,28.11,67.46,1,-1,-1,-1
82,2,367.46,177.76,38.85,79.21,1,-1,-1,-1
83,19,442.96,172.37,30.21,76.00,1,-1,-1,-1
83,16,253.22,176.32,35.61,67.27,1,-1,-1,-1
83,13,562.98,179.18,35.54,93.67,1,-1,-1,-1
83,12,474.27,177.19,27.76,63.95,1,-1,-1,-1
83,2,367.38,177.84,39.26,80.34,1,-1,-1,-1
84,19,446.58,173.57,31.19,75.85,1,-1,-1,-1
84,16,259.46,180.14,34.58,68.26,1,-1,-1,-1
84,13,558.92,178.06,35.37,95.87,1,-1,-1,-1
84,12,476.48,178.06,28.30,67.19,1,-1,-1,-1
84,2,368.16,177.80,39.04,80.66,1,-1,-1,-1
85,19,444.65,166.22,33.42,80.66,1,-1,-1,-1
85,16,258.96,174.93,34.91,69.51,1,-1,-1,-1
85,13,558.73,178.48,35.90,92.78,1,-1,-1,-1
85,12,478.77,176.31,27.41,69.70,1,-1,-1,-1
85,2,368.41,179.25,37.39,80.24,1,-1,-1,-1
86,21,252.27,46.00,25.89,38.75,1,-1,-1,-1
86,19,449.86,165.36,32.01,75.82,1,-1,-1,-1
86,16,262.96,176.72,37.60,70.49,1,-1,-1,-1
86,13,560.25,173.86,36.95,94.91,1,-1,-1,-1
86,12,476.14,173.76,28.52,70.08,1,-1,-1,-1
86,2,370.35,180.03,37.25,79.52,1,-1,-1,-1
87,21,252.87,49.28,24.69,38.19,1,-1,-1,-1
87,19,444.95,165.08,33.10,79.85,1,-1,-1,-1
87,16,268.68,181.18,38.06,66.29,1,-1,-1,-1
87,13,559.25,170.27,36.25,94.42,1,-1,-1,-1
87,12,479.52,173.27,27.96,67.87,1,-1,-1,-1
87,2,371.10,177.38,37.28,80.07,1,-1,-1,-1
88,21,250.75,47.30,24.85,39.07,1,-1,-1,-1
88,19,442.85,165.57,32.77,80.83,1,-1,-1,-1
88,16,272.08,184.23,36.47,66.88,1,-1,-1,-1
88,13,561.49,173.07,35.51,92.50,1,-1,-1,-1
88,12,480.98,173.26,27.86,67.75,1,-1,-1,-1
88,2,371.52,182.36,37.31,80.67,1,-1,-1,-1
89,21,244.85,47.44,25.95,40.08,1,-1,-1,-1
89,19,442.87,164.79,32.54,82.30,1,-1,-1,-1
89,16,279.03,184.04,36.88,67.42,1,-1,-1,-1
89,13,562.21,172.74,34.94,86.81,1,-1,-1,-1
89,12,484.28,167.29,28.48,66.56,1,-1,-1,-1
89,2,372.05,181.38,36.22,80.96,1,-1,-1,-1
90,21,243.46,50.02,24.73,37.67,1,-1,-1,-1
90,19,447.96,160.40,31.44,81.55,1,-1,-1,-1
90,16,279.64,189.05,39.04,67.00,1,-1,-1,-1
90,13,564.25,171.91,33.96,82.63,1,-1,-1,-1
90,12,486.46,161.38,28.91,66.51,1,-1,-1,-1
90,2,369.61,182.44,35.07,78.65,1,-1,-1,-1
91,21,242.06,52.60,24.14,37.03,1,-1,-1,-1
91,16,282.20,189.89,36.80,66.05,1,-1,-1,-1
91,13,566.48,169.73,33.81,81.66,1,-1,-1,-1
91,12,482.90,161.68,31.23,64.98,1,-1,-1,-1
91,2,371.35,179.80,34.77,80.61,1,-1,-1,-1
92,21,240.61,53.37,23.68,36.61,1,-1,-1,-1
92,16,289.37,192.35,36.05,68.46,1,-1,-1,-1
92,13,565.19,169.56,33.87,79.74,1,-1,-1,-1
92,12,487.30,157.59,30.12,66.05,1,-1,-1,-1
92,2,372.41,185.02,32.44,79.19,1,-1,-1,-1
93,25,466.17,159.93,28.77,68.58,1,-1,-1,-1
93,21,238.12,52.01,21.31,35.93,1,-1,-1,-1
93,16,292.73,190.66,42.00,74.49,1,-1,-1,-1
93,13,572.55,165.40,33.51,78.54,1,-1,-1,-1
93,12,490.71,161.39,29.54,66.44,1,-1,-1,-1
93,2,377.71,179.38,31.37,77.85,1,-1,-1,-1
94,25,470.97,156.58,27.24,67.32,1,-1,-1,-1
94,21,232.53,50.14,24.17,39.34,1,-1,-1,-1
94,16,294.27,194.10,46.17,77.13,1,-1,-1,-1
94,13,572.24,166.96,34.40,79.39,1,-1,-1,-1
94,12,494.07,159.16,28.83,65.99,1,-1,-1,-1
94,2,378.70,181.73,33.69,78.61,1,-1,-1,-1
95,25,469.86,157.11,26.71,66.74,1,-1,-1,-1
95,21,234.79,52.00,23.50,36.53,1,-1,-1,-1
95,16,300.99,195.57,42.42,75.38,1,-1,-1,-1
95,13,573.55,163.86,34.78,79.42,1,-1,-1,-1
95,12,491.66,158.67,28.96,66.06,1,-1,-1,-1
95,2,379.30,179.96,32.96,78.39,1,-1,-1,-1
96,25,474.85,158.78,26.98,64.54,1,-1,-1,-1
96,21,230.33,55.08,23.43,37.65,1,-1,-1,-1
96,16,304.87,196.35,42.36,75.08,1,-1,-1,-1
96,13,574.92,165.34,33.84,78.84,1,-1,-1,-1
96,12,495.13,158.09,28.56,66.90,1,-1,-1,-1
96,2,380.68,182.10,35.46,80.97,1,-1,-1,-1
97,26,508.55,160.42,28.96,67.45,1,-1,-1,-1
97,21,225.06,55.11,22.51,36.36,1,-1,-1,-1
97,16,313.73,202.27,39.57,75.59,1,-1,-1,-1
97,13,577.24,164.63,34.02,80.10,1,-1,-1,-1
97,12,484.24,155.34,36.88,72.64,1,-1,-1,-1
97,2,379.75,180.32,34.22,78.49,1,-1,-1,-1
98,26,508.24,153.10,30.71,67.68,1,-1,-1,-1
98,21,226.15,55.42,23.82,35.57,1,-1,-1,-1
98,16,324.27,196.66,40.27,76.19,1,-1,-1,-1
98,13,577.30,161.15,35.53,81.33,1,-1,-1,-1
98,12,482.81,152.07,37.20,76.18,1,-1,-1,-1
98,2,381.39,178.15,34.46,77.69,1,-1,-1,-1
99,26,508.80,152.14,31.77,70.89,1,-1,-1,-1
99,21,222.77,53.47,26.60,36.89,1,-1,-1,-1
99,16,326.17,196.04,43.73,82.23,1,-1,-1,-1
99,13,577.91,156.35,35.87,78.43,1,-1,-1,-1
99,12,485.79,146.48,36.92,78.95,1,-1,-1,-1
99,2,383.42,180.05,33.61,77.42,1,-1,-1,-1
100,26,505.30,146.20,31.87,73.49,1,-1,-1,-1
100,21,219.18,57.84,25.39,37.10,1,-1,-1,-1
100,16,335.00,196.92,41.23,80.19,1,-1,-1,-1
100,13,583.42,156.25,35.63,76.69,1,-1,-1,-1
100,12,485.80,146.62,34.84,76.72,1,-1,-1,-1
100,2,378.37,181.39,30.86,78.23,1,-1,-1,-1
101,26,501.26,145.64,34.41,75.59,1,-1,-1,-1
101,21,216.72,54.95,25.39,37.66,1,-1,-1,-1
101,16,339.61,197.24,40.65,80.23,1,-1,-1,-1
101,13,587.50,154.70,35.18,73.38,1,-1,-1,-1
101,2,372.09,182.68,31.46,82.48,1,-1,-1,-1
102,26,503.23,146.59,35.96,76.87,1,-1,-1,-1
102,21,210.29,57.11,27.72,39.51,1,-1,-1,-1
102,16,346.06,196.38,40.28,78.77,1,-1,-1,-1
102,13,588.31,150.40,36.49,76.79,1,-1,-1,-1
103,26,500.58,143.89,37.35,77.42,1,-1,-1,-1
103,21,208.04,58.14,28.72,41.74,1,-1,-1,-1
103,16,353.33,195.62,40.50,81.52,1,-1,-1,-1
103,13,588.70,147.19,35.15,76.45,1,-1,-1,-1
104,21,205.41,55.09,29.44,41.86,1,-1,-1,-1
104,16,359.92,191.44,40.16,86.45,1,-1,-1,-1
104,13,591.31,145.47,33.43,75.99,1,-1,-1,-1
105,27,519.38,145.74,27.13,68.68,1,-1,-1,-1
105,21,204.10,60.37,26.80,40.42,1,-1,-1,-1
105,16,367.93,189.54,40.30,90.64,1,-1,-1,-1
105,13,592.32,146.59,32.08,75.89,1,-1,-1,-1
106,27,516.67,142.98,30.85,71.97,1,-1,-1,-1
106,21,203.68,55.55,26.22,39.24,1,-1,-1,-1
106,16,374.40,185.27,41.24,96.46,1,-1,-1,-1
106,13,598.21,145.00,31.18,78.44,1,-1,-1,-1
107,27,512.99,139.59,33.68,75.68,1,-1,-1,-1
107,16,374.52,176.91,38.55,94.71,1,-1,-1,-1
107,13,604.84,143.63,30.33,78.14,1,-1,-1,-1
108,27,507.60,138.00,34.22,76.31,1,-1,-1,-1
108,16,368.80,179.93,38.35,88.23,1,-1,-1,-1
108,13,606.58,144.61,30.15,76.88,1,-1,-1,-1
109,28,535.65,134.21,28.85,75.94,1,-1,-1,-1
109,27,514.82,137.31,31.56,70.91,1,-1,-1,-1
109,16,369.56,176.94,37.27,85.50,1,-1,-1,-1
109,13,608.24,145.51,32.79,78.08,1,-1,-1,-1
110,30,414.99,181.35,41.14,99.66,1,-1,-1,-1
110,28,540.05,139.29,27.45,69.89,1,-1,-1,-1
110,27,519.87,142.80,31.10,67.45,1,-1,-1,-1
110,21,188.42,59.53,25.50,40.39,1,-1,-1,-1
110,16,371.21,175.35,36.57,82.74,1,-1,-1,-1
110,13,609.42,137.20,33.27,76.64,1,-1,-1,-1
111,30,416.47,178.97,37.74,99.50,1,-1,-1,-1
111,28,533.97,138.63,30.06,71.05,1,-1,-1,-1
111,21,187.85,64.10,22.73,38.16,1,-1,-1,-1
111,16,370.45,175.40,36.38,81.88,1,-1,-1,-1
111,13,611.48,135.13,33.21,74.71,1,-1,-1,-1
112,30,424.32,184.91,37.79,97.52,1,-1,-1,-1
112,28,541.93,142.34,28.98,66.94,1,-1,-1,-1
112,21,186.84,63.74,22.73,37.38,1,-1,-1,-1
112,16,368.43,175.28,36.32,82.70,1,-1,-1,-1
112,13,614.58,136.06,32.78,73.96,1,-1,-1,-1
113,30,433.65,200.50,41.19,94.12,1,-1,-1,-1
113,21,186.07,65.62,22.97,37.86,1,-1,-1,-1
113,16,367.21,176.28,36.49,82.31,1,-1,-1,-1
113,13,620.63,135.06,32.25,72.69,1,-1,-1,-1
114,30,446.63,201.67,39.80,88.54,1,-1,-1,-1
114,21,180.71,63.98,23.78,37.73,1,-1,-1,-1
114,16,371.49,177.75,35.63,81.74,1,-1,-1,-1
114,13,623.29,136.03,32.31,72.38,1,-1,-1,-1
115,33,557.47,137.37,27.04,65.89,1,-1,-1,-1
115,30,453.55,205.63,38.26,85.91,1,-1,-1,-1
115,21,178.76,64.94,23.85,37.04,1,-1,-1,-1
115,16,369.04,183.58,34.27,79.74,1,-1,-1,-1
115,13,624.99,134.51,32.86,74.79,1,-1,-1,-1
116,33,549.58,138.10,35.93,75.96,1,-1,-1,-1
116,30,457.93,205.07,38.73,84.58,1,-1,-1,-1
116,21,175.02,67.53,23.65,37.16,1,-1,-1,-1
116,16,369.05,179.38,35.88,83.12,1,-1,-1,-1
116,13,629.64,135.64,32.18,73.30,1,-1,-1,-1
117,33,553.61,139.45,32.09,67.59,1,-1,-1,-1
117,30,463.63,204.56,43.14,84.68,1,-1,-1,-1
117,21,172.64,65.86,26.91,36.90,1,-1,-1,-1
117,16,365.45,180.14,35.16,81.33,1,-1,-1,-1
117,13,633.91,135.07,31.50,71.70,1,-1,-1,-1
118,33,559.67,142.44,29.53,64.11,1,-1,-1,-1
118,30,476.12,209.97,39.55,81.84,1,-1,-1,-1
118,21,171.58,65.30,25.65,36.84,1,-1,-1,-1
118,16,368.29,181.80,36.17,80.82,1,-1,-1,-1
118,13,636.40,134.33,31.59,70.79,1,-1,-1,-1
119,33,552.93,136.62,31.06,66.99,1,-1,-1,-1
119,30,491.71,215.36,36.06,75.95,1,-1,-1,-1
119,21,167.95,69.43,27.90,39.12,1,-1,-1,-1
119,16,369.09,181.15,36.69,78.65,1,-1,-1,-1
119,13,638.16,137.59,33.33,69.65,1,-1,-1,-1
120,34,696.40,208.75,43.00,96.25,1,-1,-1,-1
120,33,550.40,140.35,30.89,67.70,1,-1,-1,-1
120,30,494.00,218.06,39.04,79.68,1,-1,-1,-1
120,16,368.85,179.52,37.09,77.91,1,-1,-1,-1
120,13,641.80,135.16,32.45,67.26,1,-1,-1,-1
121,35,576.15,139.62,29.53,62.44,1,-1,-1,-1
121,34,686.70,192.97,46.07,109.17,1,-1,-1,-1
121,30,502.15,220.51,35.19,76.54,1,-1,-1,-1
121,16,366.88,179.61,37.56,82.36,1,-1,-1,-1
121,13,646.57,131.45,32.90,70.10,1,-1,-1,-1
122,36,162.73,70.58,23.66,35.36,1,-1,-1,-1
122,35,582.36,139.38,27.29,59.81,1,-1,-1,-1
122,34,675.94,184.82,50.42,119.36,1,-1,-1,-1
122,30,513.85,219.46,34.82,74.92,1,-1,-1,-1
122,16,366.24,183.00,37.79,84.22,1,-1,-1,-1
122,13,651.63,128.96,30.56,69.09,1,-1,-1,-1
123,35,578.43,130.92,32.52,65.29,1,-1,-1,-1
123,30,523.66,218.92,41.39,81.39,1,-1,-1,-1
123,16,369.20,181.29,36.38,85.13,1,-1,-1,-1
123,13,657.20,127.19,29.78,67.75,1,-1,-1,-1
124,35,578.87,127.81,32.65,68.32,1,-1,-1,-1
124,30,532.33,216.92,41.68,82.17,1,-1,-1,-1
124,16,371.78,178.25,35.55,85.30,1,-1,-1,-1
124,13,660.95,123.18,30.00,67.60,1,-1,-1,-1
125,35,581.48,122.14,32.06,69.28,1,-1,-1,-1
125,30,534.95,219.85,42.59,84.28,1,-1,-1,-1
125,16,373.23,177.02,36.11,87.46,1,-1,-1,-1
125,13,662.72,126.10,30.78,66.90,1,-1,-1,-1
126,35,579.63,121.02,33.95,70.43,1,-1,-1,-1
126,34,640.71,203.41,39.71,94.08,1,-1,-1,-1
126,30,543.73,217.20,39.43,82.83,1,-1,-1,-1
126,16,374.04,177.78,36.08,88.09,1,-1,-1,-1
126,13,665.80,126.06,30.33,67.82,1,-1,-1,-1
127,35,581.36,121.93,35.58,71.53,1,-1,-1,-1
127,34,635.11,207.76,37.07,84.58,1,-1,-1,-1
127,30,553.60,215.30,37.68,81.71,1,-1,-1,-1
127,16,374.46,177.26,35.93,88.01,1,-1,-1,-1
127,13,667.58,124.32,29.01,68.35,1,-1,-1,-1
128,41,135.12,71.75,29.77,39.44,1,-1,-1,-1
128,35,577.02,117.26,33.36,70.01,1,-1,-1,-1
128,34,624.47,206.61,33.92,82.43,1,-1,-1,-1
128,30,564.06,223.72,37.74,80.68,1,-1,-1,-1
128,16,374.79,178.26,35.38,86.66,1,-1,-1,-1
128,13,668.39,119.16,29.37,68.75,1,-1,-1,-1
129,41,129.77,71.73,26.43,36.81,1,-1,-1,-1
129,34,620.06,208.39,30.03,78.02,1,-1,-1,-1
129,30,573.53,217.97,35.61,81.60,1,-1,-1,-1
129,16,374.93,178.32,34.65,85.37,1,-1,-1,-1
129,13,672.58,121.96,30.44,69.14,1,-1,-1,-1
130,42,590.75,124.31,34.16,59.33,1,-1,-1,-1
130,34,612.47,209.78,31.53,79.28,1,-1,-1,-1
130,30,583.03,220.18,36.80,81.94,1,-1,-1,-1
130,16,374.73,179.51,34.02,84.68,1,-1,-1,-1
130,13,673.86,120.81,29.34,67.63,1,-1,-1,-1
131,42,593.13,120.14,33.85,61.28,1,-1,-1,-1
131,30,591.75,219.56,38.72,82.75,1,-1,-1,-1
131,16,373.43,178.23,34.06,86.76,1,-1,-1,-1
131,13,682.07,118.86,28.79,68.76,1,-1,-1,-1
132,43,124.21,69.10,21.47,39.75,1,-1,-1,-1
132,42,595.27,123.16,33.86,63.11,1,-1,-1,-1
132,30,595.79,214.60,43.08,86.32,1,-1,-1,-1
132,16,373.34,178.30,34.18,86.50,1,-1,-1,-1
132,13,687.15,117.45,30.30,75.55,1,-1,-1,-1
133,43,117.14,69.55,21.56,37.57,1,-1,-1,-1
133,42,592.21,115.16,33.42,64.18,1,-1,-1,-1
133,30,608.35,217.15,41.84,85.86,1,-1,-1,-1
133,16,372.55,180.76,34.20,88.29,1,-1,-1,-1
133,13,689.06,119.08,32.05,76.07,1,-1,-1,-1
134,42,590.14,115.48,32.63,66.64,1,-1,-1,-1
134,30,615.11,217.19,39.24,84.21,1,-1,-1,-1
134,16,371.79,177.99,34.30,89.81,1,-1,-1,-1
134,13,689.42,119.24,32.46,80.23,1,-1,-1,-1
135,44,607.93,119.77,31.91,64.56,1,-1,-1,-1
135,42,590.68,117.50,32.01,65.12,1,-1,-1,-1
135,30,626.23,221.73,39.55,83.64,1,-1,-1,-1
135,16,371.79,178.68,34.65,92.28,1,-1,-1,-1
135,13,687.04,119.28,33.33,80.31,1,-1,-1,-1
136,48,560.05,199.28,34.40,77.44,1,-1,-1,-1
136,47,720.26,241.95,38.54,106.43,1,-1,-1,-1
136,46,115.02,74.21,26.36,43.81,1,-1,-1,-1
136,44,610.48,119.82,37.09,67.50,1,-1,-1,-1
136,42,592.32,114.56,31.92,64.34,1,-1,-1,-1
136,30,631.04,225.83,40.08,82.73,1,-1,-1,-1
136,16,371.92,177.70,34.55,93.11,1,-1,-1,-1
136,13,689.36,116.16,33.88,83.32,1,-1,-1,-1
137,48,555.66,198.15,32.54,74.38,1,-1,-1,-1
137,47,712.11,234.65,39.74,108.76,1,-1,-1,-1
137,46,114.76,79.33,26.08,44.63,1,-1,-1,-1
137,44,611.02,121.25,36.30,68.42,1,-1,-1,-1
137,42,594.56,110.33,31.00,65.47,1,-1,-1,-1
137,30,640.89,225.47,39.75,82.46,1,-1,-1,-1
137,16,373.95,176.75,33.10,92.12,1,-1,-1,-1
137,13,692.45,116.82,34.50,84.63,1,-1,-1,-1
138,48,544.72,190.68,37.51,77.18,1,-1,-1,-1
138,47,701.30,234.42,41.36,110.70,1,-1,-1,-1
138,46,108.70,75.97,26.54,46.45,1,-1,-1,-1
138,44,623.07,118.04,33.41,65.60,1,-1,-1,-1
138,42,603.10,108.94,34.12,69.77,1,-1,-1,-1
138,30,649.49,224.30,42.85,84.85,1,-1,-1,-1
138,16,375.99,179.25,32.29,91.50,1,-1,-1,-1
138,13,692.27,115.96,34.13,76.55,1,-1,-1,-1
139,48,540.52,194.38,33.40,72.25,1,-1,-1,-1
139,47,690.38,230.70,43.48,110.85,1,-1,-1,-1
139,46,103.60,72.59,26.64,46.79,1,-1,-1,-1
139,44,626.72,117.30,33.77,63.44,1,-1,-1,-1
139,42,607.21,111.19,33.16,67.56,1,-1,-1,-1
139,30,657.17,222.45,42.54,84.35,1,-1,-1,-1
139,16,373.29,180.07,32.49,87.34,1,-1,-1,-1
139,13,698.49,112.58,32.82,75.88,1,-1,-1,-1
140,48,529.45,191.95,33.74,75.51,1,-1,-1,-1
140,47,676.85,227.99,51.65,117.75,1,-1,-1,-1
140,46,100.74,76.58,25.13,44.48,1,-1,-1,-1
140,44,621.09,116.43,36.07,65.34,1,-1,-1,-1
140,16,376.73,182.36,33.15,85.63,1,-1,-1,-1
140,13,699.14,113.09,33.28,73.83,1,-1,-1,-1
141,48,518.75,186.28,34.28,73.71,1,-1,-1,-1
141,46,100.91,74.76,25.05,43.70,1,-1,-1,-1
141,44,622.59,107.80,35.71,65.97,1,-1,-1,-1
141,16,375.85,182.04,33.54,81.88,1,-1,-1,-1
142,48,514.38,188.93,35.62,73.70,1,-1,-1,-1
142,46,97.03,73.89,25.23,43.44,1,-1,-1,-1
142,44,626.07,110.03,33.83,66.34,1,-1,-1,-1
142,16,374.36,183.68,33.85,79.24,1,-1,-1,-1
143,49,417.41,174.70,33.62,88.57,1,-1,-1,-1
143,48,507.03,186.74,35.55,72.03,1,-1,-1,-1
143,46,94.58,76.66,23.55,42.58,1,-1,-1,-1
143,44,623.34,106.93,31.60,63.96,1,-1,-1,-1
143,30,691.89,230.85,41.34,90.91,1,-1,-1,-1
143,16,373.65,181.75,33.18,80.91,1,-1,-1,-1
144,49,419.46,175.11,32.85,88.73,1,-1,-1,-1
144,48,497.19,186.11,35.20,75.66,1,-1,-1,-1
144,47,643.95,231.84,40.85,98.46,1,-1,-1,-1
144,46,90.65,76.89,24.87,43.68,1,-1,-1,-1
144,44,623.27,105.11,33.36,63.57,1,-1,-1,-1
144,30,705.17,230.02,42.95,87.97,1,-1,-1,-1
144,16,376.16,187.03,32.66,82.42,1,-1,-1,-1
144,13,702.68,111.99,34.34,66.06,1,-1,-1,-1
145,48,489.91,184.16,36.40,73.52,1,-1,-1,-1
145,47,637.07,235.66,38.48,96.19,1,-1,-1,-1
145,46,87.84,74.49,25.42,43.41,1,-1,-1,-1
145,44,624.94,103.21,35.95,65.16,1,-1,-1,-1
145,30,715.05,230.23,41.09,86.42,1,-1,-1,-1
145,16,375.22,186.72,33.49,82.27,1,-1,-1,-1
145,13,702.03,108.16,35.04,62.25,1,-1,-1,-1
146,48,481.49,183.17,35.32,72.41,1,-1,-1,-1
146,47,630.41,231.34,40.61,102.19,1,-1,-1,-1
146,46,81.91,77.71,23.67,43.69,1,-1,-1,-1
146,44,629.25,104.25,34.10,66.20,1,-1,-1,-1
146,30,720.26,226.86,40.56,87.51,1,-1,-1,-1
146,16,372.03,185.97,34.27,79.44,1,-1,-1,-1
146,13,703.96,105.78,34.30,60.01,1,-1,-1,-1
147,48,469.18,183.82,34.74,74.21,1,-1,-1,-1
147,47,618.44,226.66,39.75,101.96,1,-1,-1,-1
147,46,79.96,79.74,24.29,45.95,1,-1,-1,-1
147,44,633.43,102.99,32.58,64.88,1,-1,-1,-1
147,30,723.13,226.70,43.04,88.57,1,-1,-1,-1
147,16,372.74,190.06,33.28,81.17,1,-1,-1,-1
147,13,705.13,108.48,33.04,57.61,1,-1,-1,-1
148,48,462.22,181.11,35.02,75.36,1,-1,-1,-1
148,47,613.32,229.64,39.59,96.63,1,-1,-1,-1
148,46,77.23,77.69,23.85,44.57,1,-1,-1,-1
148,44,634.50,102.22,31.82,65.03,1,-1,-1,-1
148,30,732.37,221.53,39.49,88.42,1,-1,-1,-1
148,16,374.77,192.51,32.70,84.10,1,-1,-1,-1
148,13,707.31,106.58,32.27,60.75,1,-1,-1,-1
149,48,455.67,180.88,37.64,77.18,1,-1,-1,-1
149,47,605.23,228.23,37.21,95.30,1,-1,-1,-1
149,46,72.84,77.17,25.87,45.74,1,-1,-1,-1
149,44,635.55,103.88,32.79,66.92,1,-1,-1,-1
149,16,377.86,192.54,33.46,85.11,1,-1,-1,-1
150,53,416.67,188.13,33.30,82.29,1,-1,-1,-1
150,48,442.18,178.30,36.86,80.03,1,-1,-1,-1
150,47,595.59,223.60,38.02,93.80,1,-1,-1,-1
150,46,66.21,82.80,24.78,46.18,1,-1,-1,-1
150,44,632.59,102.35,33.85,67.97,1,-1,-1,-1
150,16,383.32,192.28,34.51,86.50,1,-1,-1,-1
151,53,414.74,190.31,35.95,88.66,1,-1,-1,-1
151,48,434.85,178.23,37.28,82.33,1,-1,-1,-1
151,47,584.96,221.56,41.99,93.69,1,-1,-1,-1
151,46,64.84,79.20,23.49,45.40,1,-1,-1,-1
151,44,636.48,102.48,33.74,68.78,1,-1,-1,-1
151,16,387.05,193.83,37.76,85.91,1,-1,-1,-1
152,53,413.07,192.58,35.36,85.57,1,-1,-1,-1
152,48,432.48,185.85,36.35,80.24,1,-1,-1,-1
152,47,576.70,222.21,39.68,92.76,1,-1,-1,-1
152,46,64.74,82.46,25.35,45.38,1,-1,-1,-1
152,44,631.36,104.41,33.39,66.65,1,-1,-1,-1
152,16,385.67,193.66,40.11,82.53,1,-1,-1,-1
153,48,429.33,186.34,37.39,84.00,1,-1,-1,-1
153,47,568.19,223.68,37.37,89.77,1,-1,-1,-1
153,46,57.49,81.92,26.33,48.10,1,-1,-1,-1
153,44,628.65,103.90,32.66,65.17,1,-1,-1,-1
153,16,390.47,196.34,40.66,82.00,1,-1,-1,-1
154,48,430.20,184.46,37.60,84.80,1,-1,-1,-1
154,47,564.05,221.06,37.80,85.60,1,-1,-1,-1
154,46,53.45,79.34,26.92,48.57,1,-1,-1,-1
154,44,636.20,102.50,32.81,65.08,1,-1,-1,-1
155,47,558.06,222.58,34.40,85.03,1,-1,-1,-1
155,46,50.04,82.04,28.38,48.96,1,-1,-1,-1
155,44,643.30,107.79,33.19,62.41,1,-1,-1,-1
156,55,680.46,106.72,48.80,71.40,1,-1,-1,-1
156,47,545.73,222.03,36.98,87.68,1,-1,-1,-1
156,46,43.84,84.54,28.77,48.60,1,-1,-1,-1
156,44,642.77,104.19,32.83,62.44,1,-1,-1,-1
157,55,673.67,112.40,40.80,64.16,1,-1,-1,-1
157,47,538.90,219.42,37.60,85.38,1,-1,-1,-1
157,46,43.30,85.09,31.13,48.13,1,-1,-1,-1
157,44,642.08,102.80,32.21,62.40,1,-1,-1,-1
157,16,395.91,178.38,45.21,102.80,1,-1,-1,-1
158,57,456.25,196.15,38.93,86.79,1,-1,-1,-1
158,55,670.98,106.64,43.96,67.85,1,-1,-1,-1
158,47,528.55,217.18,36.20,85.83,1,-1,-1,-1
158,46,39.00,85.84,31.71,51.45,1,-1,-1,-1
158,44,647.34,103.90,31.63,60.53,1,-1,-1,-1
158,16,406.45,179.06,42.35,105.14,1,-1,-1,-1
